2660724
2660724
2660724
2660724
2660724
2660724
2660724
2660724
2660724
2660724
16974285
18873614
20257158
25449412
30407128
34105712
46912264
47118316
47118328
47118316
51699494
51854827
56311475
63253978
47118316
71914138
72117119
76881875
77968738
82409200
82943940
84785911
86570155
86570155
86570155
87133707
89343559
90103542
90969143
91680938
91685338
91689770
91695138
91798527
93352797
98975575
109453537
111606879
114225560
114339016
114737225
115515977
116077928
116222307
119372524
119376152
119534933
119668705
120587178
121551644
121588215
124257968
124261792
125490898
126221798
139002159
145554299
145573243
146189981
146403799
147829108
148498119
150958624
151279845
151561966
152026452
154154406
154158043
156231356
156770223
158328513
159139455
160426828
160892365
161158851
163258032
163661062
167346403
168192641
168825335
168830294
170652972
170774137
177839040
179342784
183676162
183676588
184191232
187713229
189332915
190714216
192282182
193083315
193084062
194346582
195541809
196121877
196476886
209529865
217501576
219567067
219944660
220962111
221163219
221721649
222451341
226525317
229359445
237624339
239799596
240856645
240863652
253984392
254265931
255591638
255620581
256355458
256550597
257473675
257476746
257796356
258568101
260219744
262076673
268309235
269790643
282154984
283436255
283807292
283945692
285808369
288895136
288909149
288926859
291259719
291260150
291261094
291261725
291261773
292673316
295429362
295434944
295794626
296843433
296926528
297153409
299065054
300072131
300078495
301630362
301638057
302191744
302909215
307215613
307582611
307604173
307629912
309390350
310757913
311217923
311886853
311893446
311905355
313496345
315407437
315590829
315593157
315599110
317113484
317165637
317464132
319753907
319923767
320456974
323371659
325049009
325059306
326411376
327305378
327371128
328880049
329308025
332330813
332337569
333741867
333937619
334100279
334728683
334857119
336024847
336096911
336102715
336264850
336270105
337255776
337292927
337757426
338164315
338167938
339305108
339410722
343773687
343776783
344167397
345135066
345453012
346647687
346716456
347578191
347662870
354952622
356878638
357425447
357426311
357428060
357428468
357433120
358635055
358750971
359353254
359832573
361057412
363402742
365177649
365182479
365804155
367027009
371905431
374843763
374852722
375750259
378401447
378573745
378781357
379042455
379998737
380727201
381356398
381368402
381376528
384076029
385657254
385763046
386794017
386870197
386870443
386922183
387575654
387578572
390125223
390415094
390425027
390520502
390981275
395140796
398314590
398655788
399228992
401067430
402246008
403072309
403076361
403311312
403643428
405126727
407251182
407894523
408526205
408536136
408767172
428159373
428233323
429134263
430008963
430732314
431984041
432164605
433663430
440036399
441484664
441599594
443419838
448276180
451789617
451902131
452076589
456351576
459358192
459645537
459938263
460416048
462512296
468492952
469477505
469772332
469775917
469831772
470475286
470483985
470489186
470491638
471209079
472247168
476003860
476003937
476512267
477548288
481063295
481319564
484403282
484472273
484584401
484588701
490105875
492002190
151150
11612676
19387022
32469524
32527006
37508091
50978546
52082902
54013472
61891730
68342549
74055513
74419069
78033420
78033986
83017085
85092836
85772941
86279771
86284836
86565586
108764099
110645972
110816552
112822192
113524807
115254108
115254414
116196259
119692146
119862398
119953846
120591888
120604516
133909243
145902672
146152184
148566298
150031715
150834967
151559234
156103258
157076741
158309729
169647627
169757190
169814598
170937689
171676349
171676443
171997042
187724002
190694918
193087197
194354505
194887604
209537694
209539531
219952420
219952977
219994503
221161990
221734005
221737306
226182604
226237899
226316800
227337257
229564415
238494493
240861211
242120376
253992019
255918463
256542345
256689853
257044187
260644157
261244884
262206648
283101593
285808447
285808497
285808529
288914341
288942818
291259795
291261122
291262097
291513545
291582584
296179587
296920963
297181000
299070035
300681466
301318648
303280959
307611940
308388224
308746527
311225233
312166524
315415063
318066784
319993263
320123932
321158617
321161386
321271262
323381379
325197306
326948588
328449864
328915200
333479900
334103126
334105928
336031356
336109371
336180374
339305140
340532866
340550464
341821300
342305307
342351255
343168962
344034313
344313278
345111121
345641016
347301485
348593238
351716053
354792218
355347175
357422594
357934279
359341138
359817839
364284983
365809978
367460290
371560682
372983507
379652114
381363297
385268871
385869619
386786868
387159426
388526642
388530813
390533601
398652061
399107616
401772585
407304062
407879691
408465077
409109539
428238862
433364068
442770847
444747884
445210138
449096568
452076585
452076604
452076648
452076690
452076758
453199217
459643953
460239030
462512321
462832352
470482100
470484653
470489618
471178956
471312066
472820487
475678461
477542455
481060151
484580161
484588865
485099207
486327375
488460599
488887913
494536091
14030
12057211
12583965
15020494
24413926
36333340
37988934
39649375
50950407
56676665
66270661
68571759
71845263
72120635
77964193
78192483
81167692
83652219
91713371
94554390
95101722
108460647
110283346
112980854
113528459
116631424
126105563
134132180
148791398
150026743
156060188
157910316
160361034
164423310
167726115
169647637
169809717
182632885
188518722
190010013
190714214
195162786
196170270
209533368
218759244
219857661
221158880
226088597
239804838
240006747
255610645
256007408
256033965
256542335
260864071
261835099
269303491
270153343
270504784
288912043
288913175
288913807
290566758
291260526
291516109
294338440
295684241
296090785
296426845
296841273
299523359
302580034
302920385
303272196
303275023
316945283
317171508
317408948
319424417
319748837
320120648
328807854
333747798
333820987
334194119
334883173
335058590
336100253
336303358
338799449
343426319
346995772
347368612
351591711
356596244
356882082
357426922
357427468
359330873
365906293
367025432
367038606
367041927
367043425
367049149
380751881
381381223
381385343
383105777
384064804
386270271
386870305
388483940
389889530
390410848
390613681
392322800
395456521
397329500
402249129
407237448
407946781
408445111
408723321
408771962
426265132
426334871
428249989
428692674
430001947
431827765
433294648
442770807
442771731
452076607
452076611
453201920
462822407
462823755
462826955
462827249
462829641
462835679
470096754
472054766
472831278
478444915
478743931
480474683
484403843
484414154
485091803
485099194
12025651
19335753
22002090
24987239
32444740
39650317
39651254
41386580
46517902
84043106
111147037
112789957
115280044
116608677
116734247
117610791
126232413
134134073
145322317
145357074
157081501
157914509
169647664
183579829
183675504
184194305
189184875
190700001
193085153
199594639
211998807
218520385
219932450
221728669
226973304
227452846
242129517
255615579
256583961
258553496
262333112
282936565
282947233
284061874
284919779
291258924
291261311
293612874
294474377
295438061
297163432
303287874
303298580
311232317
315587265
316947855
318066598
323272819
323467537
325974162
328452070
328802836
333484608
334089967
335877342
336040984
336271942
342316036
343464001
347571964
347586250
347969966
353252517
353459993
356875477
357531000
357937049
357938589z
357939954
359757955
375281048
379335236
385723391
388240402
388535550
395806679
397508829
401067442
402539130
407016795
407062746
407317441
410442452
410821238
411020647
413972376
427344508
429128598
430012750
430790723
441613814
445198867
452076799
455439634
459214170
464097432
469482259
470474620
470489162
98975575
471778371
482534342
485080253
488588859
492073345
494027251